0,419
34,7
34,6
35,15
0,412
35,14
0,399
0,398
0,397
0,396
0,395
0,394
0,393
0,392
35,13
0,391
0,387
0,385
0,384
0,575
0,574
0,573
0,572
0,571
0,570
0,569
0,568
0,567
0,566
0,565
0,564
33,67
33,66
33,65
33,64
0,563
0,562
0,561
0,560
0,559
0,558
0,557
0,556
0,555
0,554
0,553
0,552
0,551
0,550
0,549
0,548
0,547
0,546
0,545
0,544
0,543
43,37
0,542
43,36
25,5
26,4
26,1
26,3
31,5
31,3
28,4
29,3
28,5
28,1
28,3
27,1
27,3
25,4
25,1
25,3
24,4
24,1
24,3
14,5
33,4
33,15
33,14
33,13
33,12
33,11
33,10
33,9
33,8
33,7
33,6
33,5
33,3
43,35
10,273
10,267
10,261
10,231
10,97
10,23
10,73
10,255
11,13
11,19
11,21
11,2
11,3
8,16
8,6
8,14
0,318
12,2
12,1
12,3
35,12
35,11
35,10
35,9
35,8
35,7
35,6
35,5
35,4
35,3
20,2
20,1
35,2
35,1
20,3
35,0
34,5
34,4
34,3
34,2
34,1
34,0
33,36
33,1
